945304
945307
948498
946479
944874
948494
949097
948492
948493
948491
945097
948258
949020
948313
945303
944973
944972
946973
945654
946086
947219
946178
949037
949035
945532
947359
947152
947217
948409
948087
948793
947285
947289
947776
945154
946907
946276
947779
945620
945446
946727
946724
948336
947854
946453
945323
947693
949049
946858
947117
947115
945731
2847759
947590
948531
947331
946204
948102
946206
946200
946877
946680
946682
947004
944958
947454
946518
947022
945605
947526
947525
947939
948221
945194
946331
945848
946187
945980
945846
945041
946324
945519
944762
944988
947728
947482
944984
945271
948060
947092
948364
946143
946144
946946
948277
946459
944768
945217
949033
947262
947267
946648
947794
946991
944919
948562
948563
946993
947358
948160
947313
945064
945067
948287
948286
946229
948463
948461
945312
945313
946162
948464
945240
947465
947947
948300
948269
948307
947864
946806
945763
946802
947387
945642
945768
2847724
947413
948564
947364
945019
945012
948542
948869
948067
946240
947703
945167
949096
948324
948325
948320
948488
948323
947440
944862
948487
948899
948126
947445
944865
944864
947211
945803
944791
944790
945702
947049
944799
945774
947169
947168
945389
945109
944798
945380
948522
945248
945686
948525
948643
945314
946210
946211
949129
945198
948432
948433
945947
944818
948467
944814
944813
946036
944844
948674
945222
945221
945227
945142
945455
946278
945450
945351
948182
948183
948636
946321
947904
947907
945937
944887
944881
945837
945284
945939
945031
947081
947084
945528
948500
947324
948503
948823
948357
948456
948455
947039
946368
947426
945754
948027
946831
945576
947254
947927
946719
946058
947551
946712
945470
945527
945184
945915
948431
948911
944843
945940
947633
948299
945057
948434
946628
946785
947719
948470
946234
944854
946888
944777
945276
946551
946881
946011
946151
946153
945060
948278
948279
946952
945511
947390
948513
946425
946814
946778
947726
945008
945006
946772
946775
948774
945876
945021
949015
948370
945827
945076
945553
